Power
{4350,4650,400,1850,400,1800,400,1850,400,700,400,700,400,750,400,700,400,700,400,1850,400,1850,400,1800,400,700,400,750,400,700,400,700,400,750,400,700,400,1850,400,700,400,700,400,750,400,700,400,700,400,700,400,1850,400,700,400,1850,400,1850,400,1800,400,1850,400,1800,400,1850,400};
Volume up
{4400,4600,400,1850,400,1800,400,1850,400,700,400,700,400,750,400,700,400,700,400,1850,400,1850,400,1800,400,700,400,750,400,700,400,700,400,750,400,1800,400,1850,400,1850,400,700,400,700,400,700,400,750,400,700,400,700,400,750,400,700,400,1850,400,1800,400,1850,400,1800,400,1850,400};
Volume down
 {4300,4600,400,1850,400,1850,400,1800,400,700,400,750,400,700,400,700,400,700,400,1850,400,1850,400,1800,400,700,400,750,400,700,400,700,400,700,400,1850,400,1850,400,700,400,1800,400,750,400,700,400,700,400,700,400,750,350,750,400,1800,400,750,400,1800,400,1850,400,1800,400,1850,400};

Chup
{4350,4600,450,1800,400,1850,400,1800,450,700,400,700,400,700,450,700,400,700,400,1800,400,1850,450,1800,400,700,400,700,450,700,400,700,400,700,400,750,400,1800,450,700,400,700,400,1800,400,750,400,700,450,650,450,1800,400,700,400,1850,400,1850,350,750,400,1800,400,1850,450,1800,400};

Chdown
{4350,4600,450,1800,400,1850,400,1800,450,650,450,700,400,700,450,650,400,750,400,1800,400,1850,400,1850,400,700,400,700,450,650,450,700,400,700,450,650,450,700,400,700,400,700,450,1800,400,700,400,750,400,700,400,1800,400,1850,400,1850,400,1800,450,700,400,1800,450,1800,400,1800,450};

Source
{4300,4700,350,1850,350,1900,350,1900,350,750,400,750,350,750,350,750,350,800,350,1850,350,1900,350,1850,350,750,400,750,350,750,350,750,400,750,350,1850,400,750,350,750,400,700,450,700,350,750,400,700,400,700,400,750,350,1850,400,1850,350,1900,350,1850,350,1900,400,1800,400,1850,350};
uint16_t tvPrevious[] = {4350,4650,400,1850,400,1800,450,1800,400,700,450,700,400,700,400,700,400,700,450,1800,400,1850,400,1800,450,700,400,700,400,700,400,750,400,700,400,1800,400,1850,400,700,400,750,400,1800,400,750,400,700,400,700,400,750,400,700,400,1800,400,1850,400,700,450,1800,400,1850,400,1800,400}

Pre
0
{4350,4600,400,1850,400,1850,400,1800,400,750,400,700,400,700,400,750,400,700,400,1800,400,1850,400,1850,400,700,400,700,400,750,400,700,400,700,400,1850,400,700,400,700,400,750,400,1800,400,750,400,700,400,700,400,750,400,1800,400,1850,400,1850,400,700,400,1800,400,1850,400,1850,400};

1
{4350,4650,400,1800,400,1850,400,1850,400,700,400,700,450,650,450,700,400,700,450,1800,400,1800,400,1850,400,700,400,750,350,750,400,700,450,650,450,700,400,700,450,1800,400,700,450,650,450,700,400,700,400,700,450,1800,400,1800,450,700,400,1800,450,1800,450,1800,400,1800,450,1800,400};

2
{4300,4650,400,1850,400,1800,400,1850,400,700,400,750,400,700,400,700,400,700,400,1850,400,1850,400,1800,400,700,400,750,400,700,400,700,400,750,400,1800,400,700,400,1850,400,700,400,750,400,700,400,700,400,700,400,750,400,1800,400,750,400,1800,400,1850,400,1800,400,1850,400,1850,400};

3
{4400,4600,450,1800,400,1850,400,1800,450,650,400,750,400,700,400,700,450,700,400,1800,450,1800,400,1850,450,650,400,700,450,650,450,700,400,700,400,700,400,1850,400,1850,400,700,400,700,450,700,400,700,400,700,400,1850,400,700,400,700,450,1800,400,1850,400,1800,450,1800,400,1850,400};

4
{4350,4650,400,1800,400,1850,400,1850,400,700,400,700,400,750,400,700,400,700,400,1850,400,1800,400,1850,400,700,400,750,400,700,400,700,400,750,400,700,400,700,400,700,450,1800,400,700,400,750,400,700,400,700,400,1850,400,1850,400,1800,400,750,400,1800,400,1850,400,1800,400,1850,400};

5
{4350,4650,400,1850,400,1800,400,1850,400,700,400,700,400,750,400,700,400,700,400,1850,400,1850,400,1800,400,700,400,750,400,700,400,700,400,750,400,1800,400,750,400,700,400,1850,400,700,400,700,400,700,400,750,400,700,400,1850,400,1800,400,750,400,1800,400,1850,400,1800,400,1850,400};

6
{4350,4650,400,1800,400,1850,400,1850,400,700,400,700,400,700,400,750,400,700,400,1850,400,1800,400,1850,400,700,400,750,400,700,400,700,400,700,400,750,400,1800,400,750,400,1800,400,750,400,700,400,700,400,750,400,1800,400,700,450,1800,400,700,400,1850,400,1850,400,1800,400,1850,400};

7
{4350,4650,400,1850,400,1800,400,1850,400,700,400,700,400,750,400,700,400,700,400,1850,400,1850,400,1800,400,750,400,700,400,700,400,700,450,700,400,700,450,650,400,1850,400,1850,400,700,400,700,400,750,400,700,400,1850,400,1800,400,700,400,750,400,1800,450,1800,450,1800,400,1800,400};

8
{4350,4600,400,1850,400,1850,400,1800,400,750,400,700,400,700,400,700,400,750,400,1800,400,1850,450,1800,400,700,400,700,400,750,400,700,400,700,450,1800,400,700,450,1800,400,1800,400,750,400,700,400,700,450,700,400,700,400,1800,400,750,400,700,400,1850,400,1800,400,1850,400,1850,400};

9
{4350,4650,350,1850,400,1850,400,1800,400,750,400,700,400,700,400,750,400,700,400,1850,400,1800,400,1850,400,700,400,700,400,750,400,700,400,700,450,700,400,1800,400,1850,400,1850,350,750,400,700,400,700,400,750,400,1800,400,750,400,700,400,700,400,1850,400,1850,350,1850,400,1850,400};

Mute
{4300,4650,400,1850,400,1800,400,1850,400,700,450,700,400,700,400,700,400,750,400,1800,450,1800,400,1800,450,700,400,700,450,650,450,700,400,700,450,1800,400,1800,450,1800,450,1800,400,700,400,700,450,650,450,700,400,700,450,650,450,700,400,700,450,1800,400,1800,450,1800,400,1800,450};



Power on
{2100,950,600,1700,600,1750,550,1000,600,950,600,950,550,1000,550,950,600,1000,600,1000,600,950,600,950,600,950,600,950,550,1000,550,950,600};


Osc on
{2100,900,700,1650,650,1650,650,900,600,950,650,900,650,900,650,900,600,1750,650,900,650,1650,700,900,650,1650,650,900,650,1650,600,900,650};



Speed Up
{2050,1000,600,1700,600,1700,600,950,600,950,600,950,600,950,600,950,600,1000,600,1700,600,950,600,1750,600,950,600,1700,600,900,600,1700,600};


Speed Down
{2150,900,650,1650,700,1650,650,900,650,900,650,900,650,900,600,900,650,1700,600,1750,600,1700,600,1700,650,1650,600,1700,600,950,600,950,600};

Timer up
{2100,950,600,1750,600,1700,600,950,600,950,600,950,600,950,600,950,600,1000,600,1700,600,1700,600,1750,600,1700,600,950,600,900,650,900,600};

Timer down
{2100,950,650,1650,650,1650,700,850,700,850,700,850,700,850,650,900,650,1700,650,1650,650,950,650,900,650,1650,650,1650,650,900,650,850,650};
